Nº de ocorrências                                                        9
Nº máximo entradas                                                    4351
Tempo de execução  00:00:43

-----------------------------------
|SKU.   |DT.Compra|Dt.Chegada|SKTD|
|---------------------------------|
|100312 |20171202 |20180105  | 27 |
|89721  |20171202 |20180105  | 26 |
|192063 |20171205 |20180104  | 25 |
|182285 |20171205 |20180107  | 24 |
|32934  |20171210 |20180105  | 21 |
|43495  |20171202 |20180112  | 22 |
|4342   |20171202 |20180110  | 23 |
|3124   |20171204 |20180104  | 28 |
|43495  |20171207 |20180105  | 23 |

